insert;100;2706;2706;9
merge;100;316;672;1
quick;100;801;41;1
insert;200;10384;10384;318
merge;200;732;1544;3
quick;200;1802;70;112
insert;300;23181;23181;396
merge;300;1180;2488;4
quick;300;2887;116;34
insert;400;42073;42073;847
merge;400;1664;3488;176
quick;400;4017;155;11
insert;500;63598;63598;1479
merge;500;2216;4488;41
quick;500;5173;191;32
insert;600;88346;88346;1634
merge;600;2660;5576;129
quick;600;6369;235;100
insert;700;120341;120341;2810
merge;700;3172;6676;155
quick;700;7586;268;129
insert;800;164519;164519;3519
merge;800;3728;7776;190
quick;800;8835;317;66
insert;900;206998;206998;5399
merge;900;4304;8876;125
quick;900;10077;343;110
insert;1000;251772;251772;6047
merge;1000;4932;9976;158
quick;1000;11364;396;219
insert;1100;296464;296464;7051
merge;1100;5420;11152;238
quick;1100;12631;412;161
insert;1200;362896;362896;9857
merge;1200;5920;12352;148
quick;1200;13942;450;256
insert;1300;427231;427231;9837
merge;1300;6480;13552;361
quick;1300;15244;480;159
insert;1400;487058;487058;12273
merge;1400;7044;14752;257
quick;1400;16610;568;172
insert;1500;558503;558503;13177
merge;1500;7664;15952;419
quick;1500;17925;595;157
insert;1600;633317;633317;15041
merge;1600;8256;17152;175
quick;1600;19237;596;126
insert;1700;736078;736078;18321
merge;1700;8836;18352;263
quick;1700;20620;663;283
insert;1800;825425;825425;19384
merge;1800;9508;19552;321
quick;1800;22006;737;389
insert;1900;909697;909697;21425
merge;1900;10144;20752;442
quick;1900;23351;758;518
insert;2000;1010164;1010164;25004
merge;2000;10864;21952;288
quick;2000;24688;767;369
insert;2100;1116304;1116304;25861
merge;2100;11456;23204;376
quick;2100;26118;823;410
insert;2200;1206048;1206048;29248
merge;2200;11940;24504;492
quick;2200;27453;810;292
