100;2706;2706;22;100;4185;190;64;100;316;672;22;100;801;41;10;100;611;91;6
200;10384;10384;79;200;17010;382;141;200;732;1544;28;200;1802;70;17;200;1426;178;11
300;23181;23181;174;300;37716;571;176;300;1180;2488;28;300;2887;116;13;300;2331;269;9
400;42073;42073;156;400;66849;753;230;400;1664;3488;35;400;4017;155;17;400;3276;360;11
500;63598;63598;238;500;103320;944;308;500;2216;4488;59;500;5173;191;21;500;4186;448;13
600;88346;88346;325;600;148529;1145;438;600;2660;5576;59;600;6369;235;25;600;5298;532;17
700;120341;120341;449;700;203842;1323;595;700;3172;6676;78;700;7586;268;29;700;6384;624;21
800;164519;164519;604;800;263518;1512;825;800;3728;7776;70;800;8835;317;34;800;7311;715;22
900;206998;206998;763;900;337480;1705;911;900;4304;8876;88;900;10077;343;38;900;8301;810;25
1000;251772;251772;921;1000;412772;1891;1200;1000;4932;9976;92;1000;11364;396;42;1000;9366;905;27
1100;296464;296464;1091;1100;514356;2106;1510;1100;5420;11152;120;1100;12631;412;46;1100;10560;970;31
1200;362896;362896;1352;1200;615547;2274;1790;1200;5920;12352;123;1200;13942;450;50;1200;11797;1062;35
1300;427231;427231;1626;1300;716181;2482;1315;1300;6480;13552;136;1300;15244;480;54;1300;12989;1149;39
1400;487058;487058;1781;1400;807741;2637;1870;1400;7044;14752;126;1400;16610;568;60;1400;14134;1273;40
1500;558503;558503;2050;1500;937972;2847;1919;1500;7664;15952;159;1500;17925;595;62;1500;15199;1342;43
1600;633317;633317;2373;1600;1083747;3028;3252;1600;8256;17152;166;1600;19237;596;68;1600;16262;1416;46
1700;736078;736078;2698;1700;1205191;3223;3508;1700;8836;18352;171;1700;20620;663;72;1700;17313;1541;48
1800;825425;825425;3034;1800;1331739;3408;2571;1800;9508;19552;147;1800;22006;737;78;1800;18482;1660;52
1900;909697;909697;3335;1900;1503852;3628;4310;1900;10144;20752;193;1900;23351;758;82;1900;19557;1725;57
2000;1010164;1010164;3730;2000;1671558;3809;3646;2000;10864;21952;201;2000;24688;767;83;2000;20756;1809;56
2100;1116304;1116304;4107;2100;1846243;3999;5390;2100;11456;23204;224;2100;26118;823;87;2100;21995;1903;60
2200;1206048;1206048;4462;2200;2040606;4174;4084;2200;11940;24504;220;2200;27453;810;93;2200;23255;1956;63
2300;1333505;1333505;4894;2300;2208889;4385;6453;2300;12512;25804;239;2300;28882;898;101;2300;24600;2058;67
2400;1492665;1492665;5558;2400;2402940;4560;6688;2400;13040;27104;247;2400;30293;947;109;2400;25934;2154;73
2500;1555209;1555209;5801;2500;2602308;4752;5717;2500;13652;28404;268;2500;31722;987;108;2500;27308;2225;76
2600;1661590;1661590;6211;2600;2797579;4911;4988;2600;14260;29704;721;2600;33126;1002;109;2600;28690;2306;78
2700;1790502;1790502;6570;2700;3052510;5140;8074;2700;14840;31004;315;2700;34545;1032;117;2700;29875;2370;85
2800;1944767;1944767;7148;2800;3258692;5287;6584;2800;15488;32304;257;2800;35988;1081;122;2800;31063;2487;82
2900;2085302;2085302;7716;2900;3533621;5538;9362;2900;16120;33604;268;2900;37419;1149;122;2900;32248;2595;87
3000;2242595;2242595;8221;3000;3747455;5692;9396;3000;16828;34904;272;3000;38846;1146;125;3000;33433;2668;88
3100;2420868;2420868;8864;3100;3994858;5873;6783;3100;17528;36204;262;3100;40275;1183;130;3100;34585;2775;91
3200;2576296;2576296;9490;3200;4318885;6086;8721;3200;18112;37504;285;3200;41732;1243;134;3200;35701;2899;93
3300;2709458;2709458;9893;3300;4550168;6271;9453;3300;18728;38804;299;3300;43198;1309;144;3300;36875;2996;99
3400;2888290;2888290;10577;3400;4845908;6467;9757;3400;19372;40104;319;3400;44602;1300;145;3400;37993;3045;100
3500;3057550;3057550;11345;3500;5028263;6619;11936;3500;20064;41404;360;3500;46135;1430;154;3500;39316;3205;103
3600;3234806;3234806;11819;3600;5393241;6840;9835;3600;20816;42704;402;3600;47561;1409;158;3600;40485;3280;113
3700;3424273;3424273;12666;3700;5742277;6998;11935;3700;21468;44004;833;3700;48989;1409;326;3700;41688;3338;209
3800;3556848;3556848;14189;3800;6057812;7265;11117;3800;22188;45304;382;3800;50424;1453;171;3800;42933;3425;112
3900;3840871;3840871;14350;3900;6337737;7411;10566;3900;22940;46604;379;3900;51969;1550;183;3900;44180;3553;117
4000;4090328;4090328;15125;4000;6707941;7590;15695;4000;23728;47904;394;4000;53400;1527;177;4000;45460;3602;129
4100;4178249;4178249;15418;4100;7014437;7801;11648;4100;24584;49208;385;4100;54887;1572;181;4100;46827;3698;122
4200;4389518;4389518;16364;4200;7374293;7973;12359;4200;25012;50608;441;4200;56383;1620;187;4200;48239;3803;123
4300;4616429;4616429;17262;4300;7653064;8133;15546;4300;25528;52008;439;4300;57867;1645;189;4300;49632;3853;130
4400;4789475;4789475;17826;4400;8134352;8388;15765;4400;26080;53408;479;4400;59391;1719;194;4400;51070;3944;134
4500;5082250;5082250;19370;4500;8513691;8575;16606;4500;26660;54808;738;4500;60842;1724;232;4500;52334;4007;136
4600;5279891;5279891;21595;4600;8827598;8715;18546;4600;27324;56208;423;4600;62373;1795;203;4600;53937;4122;142
4700;5499728;5499728;22372;4700;9237213;8926;17077;4700;27860;57608;459;4700;63881;1822;217;4700;55374;4220;148
4800;5625156;5625156;23045;4800;9591726;9097;17336;4800;28480;59008;463;4800;65348;1821;216;4800;56719;4239;214
4900;6012622;6012622;23630;4900;9957010;9296;20481;4900;29124;60408;451;4900;66925;1921;217;4900;58279;4371;155
5000;6196556;6196556;24681;5000;10427689;9496;21506;5000;29804;61808;705;5000;68384;1930;223;5000;59601;4467;159
5100;6496245;6496245;24852;5100;10946307;9705;19265;5100;30540;63208;608;5100;69927;1996;222;5100;61017;4517;163
5200;6850579;6850579;28293;5200;11160463;9828;20037;5200;31120;64608;1766;5200;71516;2087;507;5200;62461;4685;355
5300;7008001;7008001;51253;5300;11733725;10052;21790;5300;31720;66008;624;5300;72979;2037;242;5300;63784;4703;171
5400;7155805;7155805;26486;5400;12179861;10239;24983;5400;32380;67408;544;5400;74520;2072;236;5400;65130;4798;174
5500;7612261;7612261;28322;5500;12604760;10422;21427;5500;33052;68808;550;5500;76003;2111;322;5500;66508;4881;174
5600;7781253;7781253;28744;5600;13233092;10658;22105;5600;33776;70208;536;5600;77529;2177;255;5600;67678;4956;181
5700;8089795;8089795;29544;5700;13434637;10764;22719;5700;34452;71608;680;5700;79136;2265;262;5700;69091;5129;175
5800;8369934;8369934;30538;5800;14071152;10972;32428;5800;35140;73008;1179;5800;80595;2214;301;5800;70322;5142;183
5900;8654262;8654262;32105;5900;14478058;11175;26267;5900;35908;74408;553;5900;82173;2317;258;5900;71511;5282;184
6000;9049794;9049794;33385;6000;15046250;11387;33779;6000;36656;75808;572;6000;83702;2358;271;6000;72800;5382;186
6100;9436535;9436535;34851;6100;15572647;11576;29203;6100;37472;77208;567;6100;85205;2352;277;6100;74088;5460;194
6200;9666426;9666426;35525;6200;16016149;11778;36608;6200;38156;78608;600;6200;86777;2420;280;6200;75322;5546;193
6300;9863652;9863652;36799;6300;16631091;11960;29053;6300;38740;80008;1528;6300;88268;2385;887;6300;76589;5636;625
6400;10112495;10112495;65449;6400;17207223;12190;29618;6400;39424;81408;620;6400;89823;2455;289;6400;77851;5758;202
6500;10616671;10616671;39754;6500;17662168;12324;29488;6500;40040;82808;619;6500;91406;2519;299;6500;79125;5848;199
6600;10800577;10800577;40065;6600;18252426;12517;32732;6600;40756;84208;628;6600;92937;2546;300;6600;80422;5954;207
6700;11076587;11076587;41995;6700;18772066;12709;42065;6700;41460;85608;764;6700;94520;2611;302;6700;81662;6050;208
6800;11527772;11527772;42351;6800;19284419;12913;49594;6800;42144;87008;925;6800;96111;2699;296;6800;83023;6170;206
6900;12004114;12004114;43818;6900;19709771;13073;49787;6900;42896;88408;645;6900;97621;2729;298;6900;84233;6247;221
7000;12298808;12298808;46241;7000;20513835;13268;38388;7000;43628;89808;708;7000;99161;2686;313;7000;85536;6325;219
7100;12636984;12636984;46545;7100;21055066;13450;38269;7100;44440;91208;816;7100;100739;2761;340;7100;86811;6457;217
7200;12938900;12938900;48117;7200;21631576;13668;41854;7200;45232;92608;1166;7200;102260;2788;419;7200;88039;6493;220
7300;13345218;13345218;50600;7300;22162274;13810;43466;7300;45908;94008;769;7300;103785;2752;332;7300;89433;6566;283
7400;13624663;13624663;51377;7400;22691324;14081;39307;7400;46636;95408;786;7400;105456;2958;341;7400;90904;6764;233
7500;14034954;14034954;52558;7500;23539879;14269;40709;7500;47376;96808;898;7500;106940;2915;350;7500;92090;6797;323
7600;14487898;14487898;55139;7600;24146399;14432;43634;7600;48176;98208;904;7600;108550;2970;351;7600;93468;6922;237
7700;14859596;14859596;81767;7700;24801486;14619;42379;7700;49016;99608;809;7700;110148;3003;380;7700;94934;6959;251
7800;14894860;14894860;55775;7800;25530076;14790;44215;7800;49780;101008;755;7800;111663;2968;354;7800;96189;7058;251
7900;15410544;15410544;57179;7900;26098604;15025;50314;7900;50600;102408;839;7900;113265;3043;346;7900;97681;7126;252
8000;16007589;16007589;59433;8000;26718126;15146;57178;8000;51456;103808;908;8000;114840;3055;364;8000;99086;7227;244
8100;16314528;16314528;62560;8100;27221201;15353;55116;8100;52336;105208;1750;8100;116446;3184;717;8100;100437;7331;511
8200;17005619;17005619;87433;8200;28088434;15549;47989;8200;53268;106616;1071;8200;118024;3158;361;8200;102061;7401;257
8300;16974823;16974823;62930;8300;28665037;15772;51263;8300;53704;108116;856;8300;119589;3202;382;8300;103372;7471;257
8400;17691992;17691992;65535;8400;29545202;15962;50553;8400;54224;109616;979;8400;121158;3231;368;8400;104964;7590;263
8500;17836730;17836730;69875;8500;30130411;16105;76853;8500;54772;111116;1011;8500;122771;3274;390;8500;106396;7687;271
8600;18325819;18325819;70674;8600;30896911;16349;52423;8600;55356;112616;859;8600;124365;3315;454;8600;107859;7746;272
8700;18932948;18932948;72160;8700;31629979;16508;55516;8700;56028;114116;1140;8700;125956;3370;401;8700;109335;7825;274
8800;19525282;19525282;78113;8800;32346626;16738;65262;8800;56560;115616;1820;8800;127567;3408;804;8800;110933;7931;581
8900;19654614;19654614;97523;8900;33097426;16927;57345;8900;57172;117116;896;8900;129128;3449;415;8900;112291;8024;282
9000;20447844;20447844;75814;9000;33732465;17097;55989;9000;57820;118616;847;9000;130778;3515;563;9000;113932;8077;435
9100;20964635;20964635;77364;9100;34408394;17244;65649;9100;58500;120116;1285;9100;132396;3562;887;9100;115455;8159;619
9200;21185783;21185783;103937;9200;35341270;17435;60088;9200;59248;121616;901;9200;134006;3574;423;9200;117091;8282;295
9300;21606382;21606382;79863;9300;35870178;17593;60178;9300;59812;123116;895;9300;135556;3592;424;9300;118500;8322;301
9400;22051048;22051048;80799;9400;36846824;17767;96706;9400;60420;124616;1251;9400;137170;3596;507;9400;120213;8406;311
9500;22648600;22648600;84241;9500;37734188;18084;67207;9500;61076;126116;1939;9500;138773;3716;971;9500;121616;8479;598
9600;23130781;23130781;115627;9600;38449735;18227;80761;9600;61760;127616;907;9600;140455;3794;438;9600;123166;8603;315
9700;23328001;23328001;85842;9700;39219686;18346;89070;9700;62476;129116;1141;9700;141977;3674;457;9700;124723;8593;317
9800;24163444;24163444;89215;9800;40012157;18595;75465;9800;63148;130616;2667;9800;143625;3811;1107;9800;126253;8765;646
9900;24489352;24489352;113086;9900;40891848;18851;82652;9900;63840;132116;948;9900;145202;3871;441;9900;127784;8824;314
10000;24769136;24769136;92000;10000;41717422;18961;77943;10000;64608;133616;1126;10000;146855;3865;438;10000;129330;8892;325
