1000
1200
4336
-232
-1368
8356
-2715
-6739
-5891
-1779
9291
-7200
7070
3302
-6065
7580
-6128
9165
-5500
-5102
5435
-9138
7191
-1836
-5
436
-1454
-5406
9141
2507
7237
-3499
-7801
4313
163
-421
8788
3999
-4743
2979
-4369
6299
-7483
8922
1125
7793
-8715
-6331
225
-7879
-787
8417
554
8266
-5442
-4632
-3712
-1335
-7389
-7770
-1031
-2149
3870
-3381
-9307
-9486
-6700
3713
6233
6422
6229
-7487
6138
-543
-9329
-3918
9992
-1295
5747
-4798
6750
4984
6089
-6376
-5337
-6969
9088
-3383
-2236
4842
-2775
7291
-2036
3398
-4715
-1049
-317
-2191
6988
-7901
-5329
1809
832
5871
-7513
-7047
-8878
-3538
7309
5391
2804
-2568
7471
-2414
-2513
2526
8552
3498
5302
6990
-1379
2257
7515
-5847
550
-1694
-2719
-3582
-7271
4735
-9053
8295
4110
7400
4819
9701
4942
-1111
1621
-9992
-1682
-5901
5598
7505
-660
-6898
-7960
2891
5527
-1634
4088
-4928
-3356
3285
-1934
3640
3727
-7544
9339
6579
-2449
-2796
8704
-1993
-6658
2258
5366
-2068
920
-262
7697
5191
4129
9013
-1366
6980
-7891
2982
9147
-5688
5003
-2807
-7667
-2954
6610
-4435
1557
-9311
9423
5071
8987
-862
-7475
3624
-3349
-6773
-4681
-3575
-4800
3403
-213
-9085
-2210
-7021
2000
-9684
7503
8873
-3862
-4256
-5167
-1748
3020
-9947
-6722
-648
-5571
4722
7533
7547
3038
3521
4024
599
-9509
50
9502
8409
-6847
3987
7129
-4710
-7888
-6386
3299
1685
-462
-9822
1558
4233
-661
5189
6386
2463
-8879
8328
1538
2991
9710
9980
-5359
5390
4788
-2172
9514
1915
-4846
-6948
2878
9323
-7467
5097
-1158
7554
7824
2353
9897
6644
-497
-1539
2614
9451
-4984
332
9733
7754
9700
-3461
3186
6642
1502
3618
-6998
8771
-54
-6527
-1142
3541
9384
-9284
5830
7961
2313
4051
6475
-6006
-7406
-987
-9769
-4632
2879
5286
8488
4999
-4118
-6065
-7918
8308
-804
-7387
-2762
9545
9748
-3970
4384
7665
6470
-9280
-5520
3486
-4954
8411
-4676
-2023
1270
-5576
-733
-262
3389
-9230
5190
-6806
-8278
8981
1491
-5098
855
-764
-3261
5989
6273
1888
-8059
2124
4775
-8090
-6422
-7904
2354
-5879
-4957
1693
5797
-7055
3928
-27
-5083
-798
4875
-8773
-965
-4672
-1811
7665
-3240
-1007
5536
4111
2633
-3084
-7331
-4506
7595
8482
3288
5556
-6127
-1725
4881
-3495
2244
435
-8532
-6918
9515
4181
7843
-7292
9549
-969
-3413
-1148
6675
1942
3685
-6331
5585
8788
903
-5526
-9258
-5961
-789
6446
-606
-4748
-3306
2856
2633
-5315
7884
1027
2966
-4344
1362
3149
-8174
-6016
-7291
1455
1509
-3712
-6918
1053
4061
2446
-2362
9199
-5475
3444
5727
5344
-7336
-8667
2002
-4987
1374
46
-2616
-4048
423
2588
3780
3334
3471
6110
-4226
7631
9505
-9013
2469
-7715
3943
-8955
9280
6223
-6032
-4642
3271
4310
7844
-6022
9745
-184
1253
7046
8397
1091
5896
-3240
7205
2645
-4781
-6088
-7952
-3173
3126
-4290
2727
8503
-6353
-1092
-5060
8086
-422
-2818
294
5505
9286
-2705
-4992
-8222
-6114
-2002
-652
-5206
-5177
9953
-2126
7457
2822
2138
-4186
8478
8229
3624
3881
-3575
-8523
-4352
5526
8637
4054
2588
-6607
6738
-9002
1474
-4908
5851
-1098
6392
-4998
-5268
8804
2488
7601
6686
7301
16
1929
1782
7761
3339
6658
4980
1141
-1419
1398
-360
-9885
-4357
6211
5242
413
-9726
-8931
7498
6946
-9062
4897
-4139
-9815
6803
-5683
1130
-6548
7519
-8209
7149
-9209
4409
-3988
8987
8418
8804
3298
-5299
-6581
6823
-5328
9280
-3160
1161
-1627
-5083
-2596
8216
-5593
1429
6936
2334
-4362
-4344
-4475
4391
1040
6295
-4832
6685
8903
4718
3877
8500
-2336
-3802
-3521
7181
5374
-3037
-3185
-1434
-5457
9290
7340
-4048
-1355
4790
-3141
4212
-2424
-212
-561
4262
1866
6571
1955
-7573
8716
4168
-8106
5752
7552
826
-6857
-3205
-8944
3713
-8862
7406
5725
6877
-3031
4938
-2422
-6707
4823
-9431
-9750
-394
4402
2399
-7240
4005
8127
7082
-5530
8663
-8693
5784
5225
151
-9880
4265
7843
888
-2267
1525
-6063
7492
6257
6287
2568
5076
-6702
-6182
7898
6274
6097
-8388
4413
-9444
-3079
-3567
926
5258
-191
5426
9042
-7374
-3034
534
6574
-2741
-3763
4551
-3944
-2112
7127
6617
-2274
4134
1062
-3833
2006
5311
-1328
7199
-8858
7888
8306
-6832
1125
880
-2520
3650
242
-2477
9851
-1723
8037
2231
-8838
-2292
3843
9260
5228
-916
1590
4810
-4523
8496
-2131
7391
9064
9280
9120
6278
7388
-2719
8007
4575
4003
1135
3995
-1381
8919
-1559
-6914
6694
-8250
8380
4407
-4501
-1136
5988
-6847
-8269
-2625
-6386
-3146
6607
-8697
4962
3814
-2025
-8673
6512
8573
-9502
5631
8680
-4668
-3177
1466
4879
-1769
-2797
2190
6047
7991
1053
-5814
-225
-5310
-6040
1393
5588
4448
1975
4173
1111
6143
3974
7014
-5577
-734
-5914
2562
5824
-6202
-2582
2927
-9556
-1354
-175
9584
-1735
8112
-5165
934
717
1016
9935
592
4918
7899
-8539
5556
-7595
3047
-6096
-6098
6061
5322
2071
7560
-8426
-6071
3349
-325
2375
-4301
-2906
2582
5812
2261
-5308
4462
-8203
-8881
880
533
-3831
-1481
1861
3246
3449
-6115
1866
880
7695
-3505
-3369
186
-2872
3199
-4613
2694
2361
-8238
8172
-3087
8863
-3845
9166
-7973
-8214
2456
360
5994
-725
-2789
-3532
-9291
-1205
1244
9798
5550
5951
445
2800
-1409
9642
-161
-349
2089
-2782
-4155
-3015
2697
7270
-1978
881
-3828
8894
-7882
-1365
-1370
212
7655
-8538
3470
3938
2877
-4122
-6340
8317
-7728
6954
6934
-2271
-3050
-6323
-9432
-99
288
-148
-5757
2705
-2236
-951
-409
-8794
-6116
-6082
-6347
-5091
1805
8004
8126
4091
-8564
-4747
-6159
6420
-5332
-1650
-9916
-2347
1115
7818
-528
-8089
-5986
8972
-1838
-7150
2442
-4629
6064
-8849
-9403
-3005
-4390
6289
1485
-2902
-1598
9140
-4184
-2143
3917
-2969
-180
6141
6314
2183
1537
-8491
-77
-4084
3316
8909
-9101
1753
8045
-9086
-4409
-449
7492
-1689
3448
-2638
560
-8640
9593
974
-8864
-5474
-8452
9115
-2097
2987
3578
-5345
3298
2790
-9565
4292
7219
2754
4771
-6934
3492
3707
-665
-5025
-5699
-8535
-7634
