100;644;447;8;100;99;99;0;100;316;672;12;100;801;41;6;100;611;91;3
200;1352;882;15;200;199;199;1;200;732;1544;15;200;1802;70;9;200;1426;178;6
300;2342;1394;21;300;299;299;1;300;1180;2488;30;300;2887;116;13;300;2331;269;8
400;3584;1754;27;400;399;399;2;400;1664;3488;34;400;4017;155;17;400;3276;360;11
500;4320;2604;36;500;499;499;3;500;2216;4488;50;500;5173;191;20;500;4186;448;13
600;5590;3328;46;600;599;599;2;600;2660;5576;59;600;6369;235;25;600;5298;532;18
700;6803;4079;53;700;699;699;3;700;3172;6676;72;700;7586;268;29;700;6384;624;20
800;7239;4402;61;800;799;799;3;800;3728;7776;80;800;8835;317;34;800;7311;715;23
900;8743;5276;72;900;899;899;4;900;4304;8876;99;900;10077;343;37;900;8301;810;24
1000;9634;5494;78;1000;999;999;5;1000;4932;9976;102;1000;11364;396;42;1000;9366;905;27
1100;10890;6507;92;1100;1099;1099;4;1100;5420;11152;116;1100;12631;412;46;1100;10560;970;32
1200;12436;7438;106;1200;1199;1199;5;1200;5920;12352;131;1200;13942;450;51;1200;11797;1062;35
1300;13450;8121;113;1300;1299;1299;6;1300;6480;13552;134;1300;15244;480;55;1300;12989;1149;38
1400;15753;8576;119;1400;1399;1399;6;1400;7044;14752;133;1400;16610;568;60;1400;14134;1273;42
1500;15980;8801;125;1500;1499;1499;7;1500;7664;15952;163;1500;17925;595;66;1500;15199;1342;44
1600;17677;8819;130;1600;1599;1599;7;1600;8256;17152;160;1600;19237;596;69;1600;16262;1416;46
1700;17728;10481;148;1700;1699;1699;7;1700;8836;18352;170;1700;20620;663;74;1700;17313;1541;48
1800;19508;12188;159;1800;1799;1799;7;1800;9508;19552;182;1800;22006;737;85;1800;18482;1660;59
1900;22161;11756;166;1900;1899;1899;8;1900;10144;20752;197;1900;23351;758;84;1900;19557;1725;59
2000;22680;12058;173;2000;1999;1999;9;2000;10864;21952;224;2000;24688;767;86;2000;20756;1809;64
2100;23746;12049;188;2100;2099;2099;9;2100;11456;23204;232;2100;26118;823;92;2100;21995;1903;66
2200;28902;15660;204;2200;2199;2199;9;2200;11940;24504;216;2200;27453;810;95;2200;23255;1956;64
2300;29279;14792;214;2300;2299;2299;10;2300;12512;25804;233;2300;28882;898;113;2300;24600;2058;68
2400;27316;15549;215;2400;2399;2399;11;2400;13040;27104;245;2400;30293;947;104;2400;25934;2154;75
2500;28406;15415;226;2500;2499;2499;11;2500;13652;28404;265;2500;31722;987;109;2500;27308;2225;76
2600;29451;16823;240;2600;2599;2599;11;2600;14260;29704;709;2600;33126;1002;119;2600;28690;2306;80
2700;30574;18114;254;2700;2699;2699;26;2700;14840;31004;310;2700;34545;1032;114;2700;29875;2370;84
2800;32765;18261;257;2800;2799;2799;12;2800;15488;32304;269;2800;35988;1081;119;2800;31063;2487;83
2900;34260;18019;275;2900;2899;2899;12;2900;16120;33604;265;2900;37419;1149;124;2900;32248;2595;122
3000;37459;21565;294;3000;2999;2999;14;3000;16828;34904;259;3000;38846;1146;130;3000;33433;2668;90
3100;37471;21325;304;3100;3099;3099;13;3100;17528;36204;278;3100;40275;1183;132;3100;34585;2775;92
3200;37577;21531;305;3200;3199;3199;17;3200;18112;37504;320;3200;41732;1243;138;3200;35701;2899;95
3300;40822;21273;321;3300;3299;3299;17;3300;18728;38804;304;3300;43198;1309;148;3300;36875;2996;98
3400;40811;23434;307;3400;3399;3399;15;3400;19372;40104;308;3400;44602;1300;152;3400;37993;3045;99
3500;41671;23597;351;3500;3499;3499;15;3500;20064;41404;300;3500;46135;1430;153;3500;39316;3205;105
3600;42973;23520;341;3600;3599;3599;15;3600;20816;42704;357;3600;47561;1409;156;3600;40485;3280;107
3700;44582;24691;333;3700;3699;3699;16;3700;21468;44004;582;3700;48989;1409;163;3700;41688;3338;108
3800;47928;25378;365;3800;3799;3799;16;3800;22188;45304;347;3800;50424;1453;214;3800;42933;3425;114
3900;49921;27406;377;3900;3899;3899;18;3900;22940;46604;341;3900;51969;1550;169;3900;44180;3553;118
4000;48848;26203;374;4000;3999;3999;17;4000;23728;47904;334;4000;53400;1527;177;4000;45460;3602;119
4100;49695;28295;401;4100;4099;4099;18;4100;24584;49208;349;4100;54887;1572;183;4100;46827;3698;122
4200;52615;29259;409;4200;4199;4199;19;4200;25012;50608;369;4200;56383;1620;195;4200;48239;3803;127
4300;52790;29017;408;4300;4299;4299;19;4300;25528;52008;371;4300;57867;1645;189;4300;49632;3853;129
4400;62284;35857;442;4400;4399;4399;19;4400;26080;53408;376;4400;59391;1719;195;4400;51070;3944;135
4500;56306;32225;430;4500;4499;4499;20;4500;26660;54808;704;4500;60842;1724;356;4500;52334;4007;297
4600;61073;32167;770;4600;4599;4599;35;4600;27324;56208;680;4600;62373;1795;374;4600;53937;4122;249
4700;58777;34742;786;4700;4699;4699;37;4700;27860;57608;713;4700;63881;1822;351;4700;55374;4220;252
4800;60676;36176;843;4800;4799;4799;38;4800;28480;59008;876;4800;65348;1821;460;4800;56719;4239;323
4900;62332;33050;859;4900;4899;4899;37;4900;29124;60408;769;4900;66925;1921;398;4900;58279;4371;283
5000;72807;35059;886;5000;4999;4999;38;5000;29804;61808;782;5000;68384;1930;378;5000;59601;4467;273
5100;73897;39812;890;5100;5099;5099;39;5100;30540;63208;750;5100;69927;1996;401;5100;61017;4517;282
5200;70381;37033;1073;5200;5199;5199;40;5200;31120;64608;857;5200;71516;2087;226;5200;62461;4685;163
5300;67682;39621;542;5300;5299;5299;23;5300;31720;66008;474;5300;72979;2037;233;5300;63784;4703;164
5400;73023;42263;562;5400;5399;5399;25;5400;32380;67408;472;5400;74520;2072;244;5400;65130;4798;173
5500;71662;40412;530;5500;5499;5499;24;5500;33052;68808;476;5500;76003;2111;239;5500;66508;4881;173
5600;76917;41288;569;5600;5599;5599;24;5600;33776;70208;487;5600;77529;2177;243;5600;67678;4956;175
5700;77949;42950;553;5700;5699;5699;25;5700;34452;71608;502;5700;79136;2265;249;5700;69091;5129;179
5800;74083;41114;587;5800;5799;5799;26;5800;35140;73008;1118;5800;80595;2214;259;5800;70322;5142;186
5900;81278;45018;572;5900;5899;5899;26;5900;35908;74408;492;5900;82173;2317;269;5900;71511;5282;184
6000;79836;42383;604;6000;5999;5999;46;6000;36656;75808;884;6000;83702;2358;463;6000;72800;5382;330
6100;82481;46113;1040;6100;6099;6099;47;6100;37472;77208;884;6100;85205;2352;469;6100;74088;5460;327
6200;83251;41714;1104;6200;6199;6199;47;6200;38156;78608;910;6200;86777;2420;491;6200;75322;5546;344
6300;82291;48075;1062;6300;6299;6299;48;6300;38740;80008;953;6300;88268;2385;293;6300;76589;5636;201
6400;87592;45522;650;6400;6399;6399;28;6400;39424;81408;548;6400;89823;2455;281;6400;77851;5758;225
6500;85487;45687;630;6500;6499;6499;28;6500;40040;82808;543;6500;91406;2519;295;6500;79125;5848;205
6600;88746;48517;687;6600;6599;6599;29;6600;40756;84208;585;6600;92937;2546;299;6600;80422;5954;208
6700;91902;50043;681;6700;6699;6699;30;6700;41460;85608;577;6700;94520;2611;304;6700;81662;6050;210
6800;90890;49456;701;6800;6799;6799;30;6800;42144;87008;814;6800;96111;2699;302;6800;83023;6170;210
6900;93901;49999;700;6900;6899;6899;31;6900;42896;88408;592;6900;97621;2729;314;6900;84233;6247;211
7000;97343;50288;678;7000;6999;6999;31;7000;43628;89808;606;7000;99161;2686;306;7000;85536;6325;214
7100;95446;53434;689;7100;7099;7099;32;7100;44440;91208;630;7100;100739;2761;312;7100;86811;6457;217
7200;95721;54889;758;7200;7199;7199;31;7200;45232;92608;786;7200;102260;2788;315;7200;88039;6493;228
7300;99408;57429;1100;7300;7299;7299;50;7300;45908;94008;999;7300;103785;2752;489;7300;89433;6566;345
7400;99349;55105;1034;7400;7399;7399;32;7400;46636;95408;642;7400;105456;2958;327;7400;90904;6764;227
7500;101396;53401;729;7500;7499;7499;32;7500;47376;96808;678;7500;106940;2915;329;7500;92090;6797;229
7600;99857;55438;787;7600;7599;7599;33;7600;48176;98208;697;7600;108550;2970;358;7600;93468;6922;232
7700;107429;56921;1655;7700;7699;7699;70;7700;49016;99608;1366;7700;110148;3003;710;7700;94934;6959;475
7800;104848;59021;1662;7800;7799;7799;69;7800;49780;101008;1386;7800;111663;2968;722;7800;96189;7058;473
7900;110988;57069;1544;7900;7899;7899;69;7900;50600;102408;1365;7900;113265;3043;716;7900;97681;7126;482
8000;108195;56948;1551;8000;7999;7999;71;8000;51456;103808;1445;8000;114840;3055;728;8000;99086;7227;505
8100;117226;63769;1862;8100;8099;8099;82;8100;52336;105208;1919;8100;116446;3184;621;8100;100437;7331;434
8200;106073;60455;1458;8200;8199;8199;65;8200;53268;106616;1226;8200;118024;3158;627;8200;102061;7401;452
8300;113744;63492;1495;8300;8299;8299;71;8300;53704;108116;1236;8300;119589;3202;629;8300;103372;7471;442
8400;117435;63340;1501;8400;8399;8399;65;8400;54224;109616;1382;8400;121158;3231;646;8400;104964;7590;456
8500;117347;68133;1639;8500;8499;8499;65;8500;54772;111116;1342;8500;122771;3274;648;8500;106396;7687;468
8600;123972;66734;1631;8600;8599;8599;74;8600;55356;112616;1643;8600;124365;3315;743;8600;107859;7746;520
8700;121003;61888;1837;8700;8699;8699;79;8700;56028;114116;1550;8700;125956;3370;763;8700;109335;7825;531
8800;125347;65109;1739;8800;8799;8799;76;8800;56560;115616;1312;8800;127567;3408;388;8800;110933;7931;273
8900;124580;68257;947;8900;8899;8899;39;8900;57172;117116;806;8900;129128;3449;387;8900;112291;8024;280
9000;127808;65336;915;9000;8999;8999;39;9000;57820;118616;791;9000;130778;3515;393;9000;113932;8077;286
9100;124990;65998;959;9100;9099;9099;40;9100;58500;120116;1034;9100;132396;3562;459;9100;115455;8159;298
9200;127212;75779;1025;9200;9199;9199;40;9200;59248;121616;856;9200;134006;3574;411;9200;117091;8282;318
9300;125320;71478;1022;9300;9299;9299;41;9300;59812;123116;860;9300;135556;3592;421;9300;118500;8322;300
9400;128742;74566;994;9400;9399;9399;42;9400;60420;124616;1044;9400;137170;3596;487;9400;120213;8406;327
9500;128844;75032;974;9500;9499;9499;41;9500;61076;126116;928;9500;138773;3716;437;9500;121616;8479;595
9600;136970;79057;2021;9600;9599;9599;83;9600;61760;127616;1712;9600;140455;3794;864;9600;123166;8603;617
9700;142557;78954;2059;9700;9699;9699;94;9700;62476;129116;2116;9700;141977;3674;857;9700;124723;8593;319
9800;141500;68863;1049;9800;9799;9799;57;9800;63148;130616;934;9800;143625;3811;438;9800;126253;8765;325
9900;135359;77355;1009;9900;9899;9899;44;9900;63840;132116;919;9900;145202;3871;452;9900;127784;8824;332
10000;137565;70895;1058;10000;9999;9999;44;10000;64608;133616;1074;10000;146855;3865;489;10000;129330;8892;332
100;644;447;79;100;99;99;2;100;316;672;45;100;801;41;10;100;611;91;5
200;1352;882;17;200;199;199;2;200;732;1544;18;200;1802;70;9;200;1426;178;6
300;2342;1394;20;300;299;299;2;300;1180;2488;36;300;2887;116;12;300;2331;269;8
400;3584;1754;28;400;399;399;2;400;1664;3488;41;400;4017;155;16;400;3276;360;13
500;4320;2604;42;500;499;499;3;500;2216;4488;74;500;5173;191;20;500;4186;448;13
600;5590;3328;46;600;599;599;2;600;2660;5576;76;600;6369;235;24;600;5298;532;17
700;6803;4079;50;700;699;699;3;700;3172;6676;82;700;7586;268;28;700;6384;624;19
800;7239;4402;57;800;799;799;3;800;3728;7776;94;800;8835;317;33;800;7311;715;22
900;8743;5276;66;900;899;899;4;900;4304;8876;125;900;10077;343;36;900;8301;810;24
1000;9634;5494;78;1000;999;999;5;1000;4932;9976;134;1000;11364;396;40;1000;9366;905;27
1100;10890;6507;84;1100;1099;1099;4;1100;5420;11152;147;1100;12631;412;44;1100;10560;970;30
1200;12436;7438;93;1200;1199;1199;6;1200;5920;12352;155;1200;13942;450;48;1200;11797;1062;33
1300;13450;8121;110;1300;1299;1299;6;1300;6480;13552;156;1300;15244;480;52;1300;12989;1149;37
1400;15753;8576;110;1400;1399;1399;7;1400;7044;14752;154;1400;16610;568;57;1400;14134;1273;40
1500;15980;8801;117;1500;1499;1499;7;1500;7664;15952;183;1500;17925;595;61;1500;15199;1342;43
1600;17677;8819;128;1600;1599;1599;6;1600;8256;17152;191;1600;19237;596;65;1600;16262;1416;47
1700;17728;10481;137;1700;1699;1699;7;1700;8836;18352;205;1700;20620;663;69;1700;17313;1541;46
1800;19508;12188;158;1800;1799;1799;8;1800;9508;19552;208;1800;22006;737;74;1800;18482;1660;50
1900;22161;11756;166;1900;1899;1899;8;1900;10144;20752;233;1900;23351;758;79;1900;19557;1725;52
2000;22680;12058;162;2000;1999;1999;9;2000;10864;21952;251;2000;24688;767;81;2000;20756;1809;55
2100;23746;12049;186;2100;2099;2099;9;2100;11456;23204;243;2100;26118;823;85;2100;21995;1903;58
2200;28902;15660;220;2200;2199;2199;10;2200;11940;24504;289;2200;27453;810;249;2200;23255;1956;124
2300;29279;14792;429;2300;2299;2299;20;2300;12512;25804;560;2300;28882;898;189;2300;24600;2058;132
2400;27316;15549;434;2400;2399;2399;21;2400;13040;27104;607;2400;30293;947;197;2400;25934;2154;231
2500;28406;15415;472;2500;2499;2499;22;2500;13652;28404;597;2500;31722;987;209;2500;27308;2225;175
2600;29451;16823;546;2600;2599;2599;27;2600;14260;29704;874;2600;33126;1002;281;2600;28690;2306;186
2700;30574;18114;544;2700;2699;2699;29;2700;14840;31004;820;2700;34545;1032;235;2700;29875;2370;180
2800;32765;18261;457;2800;2799;2799;21;2800;15488;32304;535;2800;35988;1081;206;2800;31063;2487;162
2900;34260;18019;490;2900;2899;2899;22;2900;16120;33604;609;2900;37419;1149;226;2900;32248;2595;161
3000;37459;21565;520;3000;2999;2999;23;3000;16828;34904;588;3000;38846;1146;249;3000;33433;2668;172
3100;37471;21325;538;3100;3099;3099;24;3100;17528;36204;601;3100;40275;1183;248;3100;34585;2775;166
3200;37577;21531;531;3200;3199;3199;24;3200;18112;37504;706;3200;41732;1243;258;3200;35701;2899;165
3300;40822;21273;526;3300;3299;3299;26;3300;18728;38804;671;3300;43198;1309;263;3300;36875;2996;188
3400;40811;23434;556;3400;3399;3399;32;3400;19372;40104;711;3400;44602;1300;272;3400;37993;3045;196
3500;41671;23597;572;3500;3499;3499;30;3500;20064;41404;704;3500;46135;1430;286;3500;39316;3205;179
3600;42973;23520;612;3600;3599;3599;38;3600;20816;42704;933;3600;47561;1409;590;3600;40485;3280;239
3700;44582;24691;707;3700;3699;3699;42;3700;21468;44004;1058;3700;48989;1409;326;3700;41688;3338;225
3800;47928;25378;733;3800;3799;3799;44;3800;22188;45304;822;3800;50424;1453;335;3800;42933;3425;241
3900;49921;27406;757;3900;3899;3899;45;3900;22940;46604;841;3900;51969;1550;343;3900;44180;3553;338
4000;48848;26203;769;4000;3999;3999;35;4000;23728;47904;973;4000;53400;1527;337;4000;45460;3602;229
4100;49695;28295;779;4100;4099;4099;36;4100;24584;49208;853;4100;54887;1572;343;4100;46827;3698;289
4200;52615;29259;764;4200;4199;4199;46;4200;25012;50608;890;4200;56383;1620;372;4200;48239;3803;256
4300;52790;29017;823;4300;4299;4299;45;4300;25528;52008;901;4300;57867;1645;379;4300;49632;3853;263
4400;62284;35857;904;4400;4399;4399;48;4400;26080;53408;911;4400;59391;1719;380;4400;51070;3944;282
4500;56306;32225;1002;4500;4499;4499;54;4500;26660;54808;1577;4500;60842;1724;394;4500;52334;4007;275
4600;61073;32167;916;4600;4599;4599;47;4600;27324;56208;965;4600;62373;1795;399;4600;53937;4122;283
4700;58777;34742;889;4700;4699;4699;48;4700;27860;57608;971;4700;63881;1822;416;4700;55374;4220;291
4800;60676;36176;994;4800;4799;4799;49;4800;28480;59008;990;4800;65348;1821;419;4800;56719;4239;299
4900;62332;33050;969;4900;4899;4899;50;4900;29124;60408;1069;4900;66925;1921;422;4900;58279;4371;310
5000;72807;35059;953;5000;4999;4999;57;5000;29804;61808;1106;5000;68384;1930;431;5000;59601;4467;318
5100;73897;39812;1090;5100;5099;5099;56;5100;30540;63208;1057;5100;69927;1996;446;5100;61017;4517;322
5200;70381;37033;1043;5200;5199;5199;46;5200;31120;64608;1112;5200;71516;2087;449;5200;62461;4685;324
5300;67682;39621;1099;5300;5299;5299;46;5300;31720;66008;1069;5300;72979;2037;450;5300;63784;4703;332
5400;73023;42263;1130;5400;5399;5399;48;5400;32380;67408;1151;5400;74520;2072;462;5400;65130;4798;332
5500;71662;40412;1115;5500;5499;5499;53;5500;33052;68808;1142;5500;76003;2111;498;5500;66508;4881;347
5600;76917;41288;1116;5600;5599;5599;49;5600;33776;70208;1155;5600;77529;2177;481;5600;67678;4956;358
5700;77949;42950;1131;5700;5699;5699;52;5700;34452;71608;1204;5700;79136;2265;494;5700;69091;5129;352
5800;74083;41114;599;5800;5799;5799;25;5800;35140;73008;628;5800;80595;2214;249;5800;70322;5142;178
5900;81278;45018;606;5900;5899;5899;25;5900;35908;74408;621;5900;82173;2317;286;5900;71511;5282;184
6000;79836;42383;566;6000;5999;5999;26;6000;36656;75808;651;6000;83702;2358;258;6000;72800;5382;183
6100;82481;46113;600;6100;6099;6099;27;6100;37472;77208;637;6100;85205;2352;262;6100;74088;5460;187
6200;83251;41714;614;6200;6199;6199;27;6200;38156;78608;651;6200;86777;2420;270;6200;75322;5546;190
6300;82291;48075;630;6300;6299;6299;28;6300;38740;80008;1527;6300;88268;2385;550;6300;76589;5636;385
6400;87592;45522;1334;6400;6399;6399;56;6400;39424;81408;1406;6400;89823;2455;566;6400;77851;5758;410
6500;85487;45687;1364;6500;6499;6499;57;6500;40040;82808;1369;6500;91406;2519;574;6500;79125;5848;396
6600;88746;48517;1419;6600;6599;6599;58;6600;40756;84208;1442;6600;92937;2546;567;6600;80422;5954;403
6700;91902;50043;1381;6700;6699;6699;65;6700;41460;85608;1387;6700;94520;2611;578;6700;81662;6050;412
6800;90890;49456;1415;6800;6799;6799;69;6800;42144;87008;1965;6800;96111;2699;591;6800;83023;6170;411
6900;93901;49999;1411;6900;6899;6899;64;6900;42896;88408;1477;6900;97621;2729;593;6900;84233;6247;428
7000;97343;50288;1487;7000;6999;6999;63;7000;43628;89808;1457;7000;99161;2686;600;7000;85536;6325;421
7100;95446;53434;1485;7100;7099;7099;62;7100;44440;91208;1440;7100;100739;2761;610;7100;86811;6457;425
7200;95721;54889;1553;7200;7199;7199;63;7200;45232;92608;1842;7200;102260;2788;313;7200;88039;6493;219
7300;99408;57429;772;7300;7299;7299;32;7300;45908;94008;805;7300;103785;2752;313;7300;89433;6566;234
7400;99349;55105;777;7400;7399;7399;33;7400;46636;95408;813;7400;105456;2958;323;7400;90904;6764;228
7500;101396;53401;793;7500;7499;7499;32;7500;47376;96808;803;7500;106940;2915;327;7500;92090;6797;226
7600;99857;55438;795;7600;7599;7599;33;7600;48176;98208;1057;7600;108550;2970;776;7600;93468;6922;460
7700;107429;56921;1620;7700;7699;7699;71;7700;49016;99608;1648;7700;110148;3003;676;7700;94934;6959;497
7800;104848;59021;1674;7800;7799;7799;73;7800;49780;101008;1714;7800;111663;2968;707;7800;96189;7058;484
7900;110988;57069;1661;7900;7899;7899;69;7900;50600;102408;1780;7900;113265;3043;687;7900;97681;7126;517
8000;108195;56948;1648;8000;7999;7999;70;8000;51456;103808;1775;8000;114840;3055;694;8000;99086;7227;477
8100;117226;63769;1771;8100;8099;8099;71;8100;52336;105208;1743;8100;116446;3184;706;8100;100437;7331;509
8200;106073;60455;1692;8200;8199;8199;72;8200;53268;106616;1749;8200;118024;3158;711;8200;102061;7401;500
8300;113744;63492;1749;8300;8299;8299;73;8300;53704;108116;1876;8300;119589;3202;737;8300;103372;7471;499
8400;117435;63340;1761;8400;8399;8399;74;8400;54224;109616;2727;8400;121158;3231;725;8400;104964;7590;512
8500;117347;68133;1864;8500;8499;8499;73;8500;54772;111116;1811;8500;122771;3274;727;8500;106396;7687;557
8600;123972;66734;1789;8600;8599;8599;81;8600;55356;112616;1828;8600;124365;3315;724;8600;107859;7746;532
8700;121003;61888;1919;8700;8699;8699;84;8700;56028;114116;1825;8700;125956;3370;738;8700;109335;7825;523
8800;125347;65109;1720;8800;8799;8799;86;8800;56560;115616;2490;8800;127567;3408;754;8800;110933;7931;539
8900;124580;68257;1943;8900;8899;8899;82;8900;57172;117116;1902;8900;129128;3449;765;8900;112291;8024;544
9000;127808;65336;2016;9000;8999;8999;82;9000;57820;118616;1912;9000;130778;3515;776;9000;113932;8077;552
9100;124990;65998;1931;9100;9099;9099;80;9100;58500;120116;2632;9100;132396;3562;783;9100;115455;8159;567
9200;127212;75779;2073;9200;9199;9199;84;9200;59248;121616;1992;9200;134006;3574;791;9200;117091;8282;625
9300;125320;71478;1906;9300;9299;9299;81;9300;59812;123116;1989;9300;135556;3592;794;9300;118500;8322;570
9400;128742;74566;2069;9400;9399;9399;86;9400;60420;124616;2841;9400;137170;3596;808;9400;120213;8406;587
9500;128844;75032;2075;9500;9499;9499;83;9500;61076;126116;2104;9500;138773;3716;819;9500;121616;8479;598
9600;136970;79057;2164;9600;9599;9599;88;9600;61760;127616;2035;9600;140455;3794;828;9600;123166;8603;643
9700;142557;78954;2184;9700;9699;9699;89;9700;62476;129116;2538;9700;141977;3674;1058;9700;124723;8593;632
9800;141500;68863;2181;9800;9799;9799;90;9800;63148;130616;2125;9800;143625;3811;845;9800;126253;8765;667
9900;135359;77355;2225;9900;9899;9899;90;9900;63840;132116;2139;9900;145202;3871;864;9900;127784;8824;627
10000;137565;70895;2073;10000;9999;9999;88;10000;64608;133616;2931;10000;146855;3865;946;10000;129330;8892;638
100;644;447;409326;100;99;99;2;100;316;672;32;100;801;41;10;100;611;91;5
100;644;447;1281427;100;99;99;2;100;316;672;51;100;801;41;10;100;611;91;6
200;1352;882;677537;100;644;447;80;100;644;447;32;100;2706;2706;26;100;550;672;965719;100;644;447;99;100;2706;2706;4527327;