5699 5928 5252
5607 5909 5216
5627 5873 5207
5632 5958 5255
5653 5918 5257
5673 5902 5267
5629 5933 5218
5616 5921 5233
5632 5916 5215
5616 5917 5229
5615 5921 5264
5642 5929 5229
5660 5945 5239
5656 5932 5227
5695 5939 5257
5624 5916 5231
5641 5918 5235
5637 5984 5256
5664 5946 5225
5669 5918 5262
5656 5937 5236
5657 5936 5245
5655 5930 5248
5635 5918 5213
5597 5920 5197
5605 5892 5236
5616 5927 5239
5618 5891 5209
5603 5893 5206
5607 5902 5212
5643 5890 5206
5628 5958 5228
5612 5896 5212
5596 5904 5238
5622 5904 5211
5621 5914 5226
5620 5900 5227
5632 5887 5201
5591 5884 5200
5616 5911 5189
5588 5900 5203
5616 5882 5213
5599 5899 5205
5595 5914 5185
5612 5873 5215
5659 5914 5216
5614 5915 5218
5609 5895 5210
5599 5889 5210
5617 5900 5205
5630 5914 5224
5641 5883 5215
5599 5918 5195
5583 5870 5193
5596 5862 5189
5596 5881 5194
5582 5885 5200
5597 5879 5181
5576 5869 5183
5582 5860 5170
5663 6015 5291
5603 5909 5188
5571 5871 5208
5660 5911 5242
5652 6022 5351
5696 5946 5214
5636 5895 5219
5621 5927 5219
5652 5951 5242
5645 5926 5264
5658 5966 5238
5635 5930 5244
5629 5937 5228
5633 5936 5241
5653 5946 5238
5650 5923 5247
5632 5947 5234
5671 5933 5238
5665 5965 5229
5659 5909 5212
5638 5893 5224
5610 5902 5232
5647 5935 5212
5606 5887 5209
5620 5893 5202
5636 5889 5215
5639 5900 5205
5616 5910 5205
5630 5896 5206
5623 5896 5201
5609 5884 5198
5651 5948 5225
5691 5974 5274
5696 5939 5231
5650 5903 5215
5614 5941 5277
5754 5992 5287
5702 5990 5265
5636 5926 5236
5641 5907 5232
