0 2 2 3
100 4 3 6
200 5 4 10
300 7 7 13
400 9 8 16
500 11 10 20
600 12 11 23
700 14 14 27
800 18 16 30
900 21 20 35
1000 20 20 37
1100 22 21 40
1200 26 23 43
1300 27 26 48
1400 30 27 51
1500 33 31 55
1600 34 29 64
1700 36 32 62
1800 39 36 69
1900 40 40 69
2000 41 41 74
2100 44 42 78
2200 47 48 83
2300 49 48 87
2400 50 46 91
2500 52 49 96
2600 57 55 98
2700 56 54 103
2800 56 54 104
2900 62 63 106
3000 63 61 114
3100 66 63 120
3200 65 63 120
3300 69 70 122
3400 74 68 129
3500 75 72 132
3600 77 71 132
3700 80 79 138
3800 84 80 142
3900 88 84 146
4000 87 83 150
4100 88 88 151
4200 92 87 162
4300 95 95 164
4400 93 96 167
4500 97 103 171
4600 98 98 169
4700 109 100 180
4800 103 101 181
4900 109 108 185
5000 108 101 185
5100 111 108 197
5200 116 113 193
5300 114 116 198
5400 124 111 205
5500 125 121 208
5600 129 118 211
5700 127 126 212
5800 131 127 221
5900 128 124 228
6000 132 135 231
6100 142 135 238
6200 135 130 236
6300 137 134 236
6400 146 139 244
6500 147 136 244
6600 148 143 250
6700 150 140 251
6800 148 154 262
6900 150 150 267
7000 157 149 270
7100 157 152 262
7200 158 151 272
7300 166 160 279
7400 166 173 284
7500 166 157 289
7600 177 162 288
7700 180 169 301
7800 179 172 295
7900 180 170 310
8000 188 177 297
8100 179 181 311
8200 193 188 308
8300 188 184 317
8400 186 184 324
8500 184 183 327
8600 201 186 336
8700 191 200 336
8800 208 206 345
8900 204 205 352
9000 201 200 345
9100 222 198 350
9200 204 211 354
9300 207 206 356
9400 219 206 362
9500 215 228 378
9600 211 215 371
9700 225 223 386
9800 222 230 377
9900 225 216 385
