0 2 1 3
100 4 3 6
200 5 5 10
300 7 6 13
400 9 9 16
500 11 10 20
600 13 13 22
700 15 12 26
800 19 16 30
900 21 17 35
1000 20 20 37
1100 23 21 41
1200 25 24 48
1300 28 25 50
1400 29 28 52
1500 31 29 56
1600 33 31 59
1700 36 34 60
1800 37 36 65
1900 42 40 73
2000 41 40 73
2100 44 41 80
2200 46 47 83
2300 48 46 85
2400 51 46 90
2500 51 49 94
2600 56 54 99
2700 56 56 99
2800 57 53 100
2900 62 61 110
3000 62 59 116
3100 68 67 122
3200 69 64 119
3300 69 70 123
3400 73 68 126
3500 76 72 133
3600 78 71 135
3700 77 76 134
3800 83 80 146
3900 86 83 148
4000 85 80 153
4100 86 84 152
4200 92 86 157
4300 95 95 164
4400 93 92 164
4500 98 103 171
4600 97 96 172
4700 107 99 174
4800 103 97 181
4900 111 105 191
5000 106 102 190
5100 110 104 191
5200 115 114 201
5300 118 119 207
5400 127 110 203
5500 123 122 212
5600 126 121 217
5700 127 126 217
5800 132 127 221
5900 129 123 231
6000 135 134 237
6100 142 134 243
6200 133 130 245
6300 137 132 238
6400 144 136 249
6500 143 136 255
6600 147 140 253
6700 151 142 257
6800 150 154 259
6900 151 146 260
7000 159 149 268
7100 155 156 277
7200 159 148 271
7300 166 162 279
7400 166 170 292
7500 168 162 292
7600 178 169 288
7700 175 167 296
7800 180 170 293
7900 179 176 314
8000 189 180 304
8100 177 179 308
8200 195 193 320
8300 189 183 315
8400 188 183 326
8500 188 178 325
8600 201 187 342
8700 194 200 345
8800 210 209 358
8900 201 205 353
9000 196 200 341
9100 225 205 352
9200 205 216 364
9300 206 205 357
9400 224 208 367
9500 214 226 383
9600 212 213 373
9700 218 218 376
9800 223 238 390
9900 227 213 385
