0 1 2 1
100 6 5 6
200 12 13 12
300 21 22 22
400 33 33 35
500 47 48 48
600 63 66 64
700 82 85 88
800 105 106 110
900 126 130 137
1000 155 164 163
1100 183 188 197
1200 219 223 229
1300 250 259 261
1400 288 302 311
1500 328 344 358
1600 377 380 400
1700 404 431 437
1800 459 475 487
1900 507 534 545
2000 564 586 593
2100 617 642 658
2200 677 719 726
2300 728 767 791
2400 779 821 851
2500 858 889 898
2600 897 930 959
2700 995 1049 1051
2800 1056 1099 1097
2900 1129 1208 1233
3000 1209 1272 1300
3100 1303 1368 1374
3200 1377 1431 1458
3300 1466 1541 1581
3400 1516 1657 1672
3500 1623 1706 1804
3600 1707 1728 1856
3700 1805 1900 1985
3800 1940 2067 2089
3900 1995 2132 2159
4000 2101 2224 2291
4100 2212 2354 2350
4200 2317 2459 2372
4300 2404 2568 2610
4400 2538 2730 2713
4500 2665 2926 2924
4600 2763 2926 2910
4700 2872 3103 3150
4800 3042 3184 3228
4900 3118 3350 3251
5000 3272 3493 3496
5100 3376 3597 3483
5200 3474 3769 3892
5300 3648 3890 3907
5400 3751 4058 3901
5500 3873 4171 4230
5600 3998 4421 4169
5700 4170 4462 4597
5800 4257 4693 4711
5900 4486 4810 4845
6000 4586 4945 5018
6100 4665 5095 5055
6200 4883 5305 5291
6300 5090 5547 5521
6400 5173 5596 5680
6500 5396 5763 5738
6600 5538 5955 6024
6700 5667 6148 6231
6800 5929 6410 6186
6900 6091 6566 6499
7000 6261 6741 6719
7100 6416 6906 7002
7200 6605 7141 7038
7300 6709 7328 6995
7400 6890 7353 7371
7500 7145 7646 7552
7600 7229 7965 7858
7700 7565 8095 7952
7800 7637 8303 8075
7900 7878 8480 8496
8000 8130 8814 8656
8100 8304 8939 8792
8200 8539 8994 8967
8300 8694 9476 9156
8400 9030 9646 9429
8500 9229 9910 9837
8600 9387 10178 10065
8700 9656 10332 10201
8800 9780 10626 10522
8900 10035 10768 10698
9000 10323 11097 10562
9100 10416 11336 11172
9200 10721 11429 11377
9300 10943 12093 11349
9400 11217 12087 11641
9500 11662 12455 12160
9600 11694 12751 12466
9700 11948 12794 12587
9800 12105 12909 12739
9900 12494 13306 12934
