0 1 1 0
100 1 2 2
200 3 2 3
300 3 4 4
400 4 5 5
500 5 6 6
600 7 8 7
700 8 9 8
800 10 9 10
900 10 11 11
1000 11 12 13
1100 14 14 15
1200 15 16 15
1300 16 16 16
1400 17 17 18
1500 17 18 20
1600 20 21 21
1700 23 21 23
1800 22 23 24
1900 23 25 25
2000 23 25 27
2100 28 27 28
2200 28 29 30
2300 28 28 32
2400 31 31 33
2500 30 37 36
2600 33 33 37
2700 32 36 38
2800 36 40 39
2900 38 38 41
3000 37 40 42
3100 44 42 45
3200 42 44 47
3300 44 45 48
3400 46 47 49
3500 48 48 53
3600 47 62 59
3700 50 50 56
3800 50 52 55
3900 54 56 57
4000 52 57 58
4100 52 58 61
4200 57 58 62
4300 54 63 64
4400 65 63 68
4500 58 65 68
4600 59 64 69
4700 60 66 71
4800 68 70 74
4900 66 72 74
5000 62 79 76
5100 72 71 77
5200 68 72 79
5300 68 71 80
5400 71 79 82
5500 75 79 85
5600 75 82 86
5700 81 80 88
5800 80 88 90
5900 78 83 91
6000 89 88 94
6100 83 89 94
6200 86 91 97
6300 87 90 98
6400 89 93 99
6500 91 97 102
6600 85 99 104
6700 89 97 104
6800 93 96 106
6900 105 101 110
7000 97 111 112
7100 104 104 113
7200 109 107 115
7300 103 111 118
7400 101 112 118
7500 128 120 124
7600 105 117 122
7700 116 128 129
7800 109 113 125
7900 116 127 127
8000 115 122 128
8100 127 137 132
8200 126 131 134
8300 134 141 134
8400 116 140 139
8500 124 136 138
8600 127 132 140
8700 127 137 145
8800 119 146 145
8900 131 165 151
9000 135 161 149
9100 132 143 151
9200 127 151 156
9300 131 143 162
9400 134 148 156
9500 139 146 157
9600 137 156 161
9700 146 150 161
9800 144 156 163
9900 143 166 164
