0 1132 892 16260
100 441 290 23985
200 301 280 9187
300 461 260 9979
400 561 521 20588
500 822 381 32160
600 451 301 23634
700 370 370 14237
800 941 481 34144
900 330 390 40626
1000 441 381 23814
1100 450 380 16401
1200 401 421 50384
1300 801 430 20929
1400 431 371 17212
1500 531 461 46357
1600 371 421 28864
1700 361 391 19105
1800 421 441 10199
1900 1232 420 20288
2000 1052 1342 42540
2100 501 460 42038
2200 591 400 27572
2300 571 501 33843
2400 491 881 22122
2500 380 491 22272
2600 501 440 20979
2700 671 511 21600
2800 541 491 30858
2900 441 491 17242
3000 471 561 17824
3100 631 632 44252
3200 601 561 55083
3300 1653 1152 41878
3400 561 471 40065
3500 612 551 41988
3600 692 551 23534
3700 611 471 43742
3800 451 481 40215
3900 1723 2234 23374
4000 1342 2084 14016
4100 1132 871 34225
4200 1193 521 27311
4300 1283 2084 32321
4400 552 531 36208
4500 541 621 27632
4600 601 520 28433
4700 992 922 17814
4800 621 611 30026
4900 581 671 26009
5000 2224 2214 47679
5100 1012 1473 24616
5200 1363 782 29695
5300 801 662 24095
5400 981 761 45666
5500 1352 2174 23364
5600 1132 871 22652
5700 461 672 19146
5800 1713 1953 27351
5900 1944 3337 16541
6000 2245 2765 54633
6100 2344 3617 24255
6200 2825 3226 24175
6300 631 1173 31879
6400 2134 2504 36479
6500 1654 2415 18925
6600 2595 2624 32861
6700 1623 2976 49242
6800 1533 3126 37740
6900 1042 921 54352
7000 1713 2154 21841
7100 1223 2304 26430
7200 2285 3036 30136
7300 1874 2985 25507
7400 1373 2254 16821
7500 1823 2524 18585
7600 1202 781 23774
7700 741 922 23334
7800 1062 702 22662
7900 1473 2154 26320
8000 2044 2996 39864
8100 1583 1803 21209
8200 2345 2234 26991
8300 1503 3447 14767
8400 1362 1002 35507
8500 1643 2816 32521
8600 952 792 30938
8700 1643 1303 37310
8800 1493 802 46257
8900 2124 2595 26409
9000 1362 902 48862
9100 932 1303 35166
9200 1302 702 28052
9300 1863 2535 56526
9400 1142 2083 34645
9500 1643 2044 53250
9600 1593 2334 24266
9700 1453 802 31809
9800 2405 2996 23093
9900 1854 2966 18314
