0 15680 16160 221296
100 28173 38933 109797
200 14638 15950 17824
300 17463 21801 20499
400 22302 27753 27702
500 26600 42590 33313
600 30347 28393 40607
700 30878 31900 46647
800 50405 38643 56707
900 38082 37821 47950
1000 43051 43522 56767
1100 47259 49843 57057
1200 48481 57248 65974
1300 55575 65022 62948
1400 59492 56857 65583
1500 21150 24075 24486
1600 13996 24787 24817
1700 26439 22513 24957
1800 48321 64581 31329
1900 12694 29977 30227
2000 77225 65904 90110
2100 2655 23334 26941
2200 5180 61706 29015
2300 5571 23915 29585
2400 12223 31739 28113
2500 15219 37410 29826
2600 6262 29786 31930
2700 11682 37931 32682
2800 9067 34945 33473
2900 8577 39524 37511
3000 13034 94458 35327
3100 8506 38512 37992
3200 14037 43562 38422
3300 28013 98405 40606
3400 26549 91643 41308
3500 9538 81212 43081
3600 13566 42620 43191
3700 13887 43812 43963
3800 14387 103996 46707
3900 8957 48381 50285
4000 14627 95059 46307
4100 9017 121980 49102
4200 9037 57138 51627
4300 13566 50385 51687
4400 11732 130676 53911
4500 21481 114185 51827
4600 21511 54292 56216
4700 21941 63440 56286
4800 23644 105739 84118
4900 20579 168527 57278
5000 7614 135816 57528
5100 18766 59291 59242
5200 24136 118863 62077
5300 24696 121008 62287
5400 22111 83457 65343
5500 22352 146044 61957
5600 46607 143350 69040
5700 26179 154581 69431
5800 15579 138541 68449
5900 21300 124003 68389
6000 66355 85581 71114
6100 22382 138631 70844
6200 29145 178496 75192
6300 32051 221787 70082
6400 23044 145443 79149
6500 20138 187262 73759
6600 26399 177474 77887
6700 17423 176562 80782
6800 14757 161875 80682
6900 21700 201910 80852
7000 55875 184798 82044
7100 25498 168457 85161
7200 29576 196730 85040
7300 36578 182364 89237
7400 45966 193404 87104
7500 26790 178406 86693
7600 46998 257244 91973
7700 43462 224823 91432
7800 35316 175581 90811
7900 28173 206108 93906
8000 18084 227649 96110
8100 17413 216718 95480
8200 21481 107853 93005
8300 41879 225865 98135
8400 22603 229702 99246
8500 89889 203012 146325
8600 27291 251814 102753
8700 31048 189026 100138
8800 16180 252285 107212
8900 35287 265519 99978
9000 23384 102262 110348
9100 36208 247446 106420
9200 34956 261201 106280
9300 37150 309803 107923
9400 20860 310674 115327
9500 37591 246704 107131
9600 25117 215766 111159
9700 43832 183195 123813
9800 25578 256983 115076
9900 49133 287961 118223
