0 2 2 7
100 3 4 13
200 6 6 20
300 7 9 27
400 10 12 37
500 11 15 41
600 13 17 47
700 15 20 60
800 18 21 62
900 19 24 71
1000 20 26 75
1100 23 29 84
1200 26 34 96
1300 27 35 100
1400 32 36 112
1500 30 40 115
1600 36 45 120
1700 37 48 135
1800 38 52 138
1900 40 56 145
2000 43 60 151
2100 47 58 161
2200 49 60 169
2300 47 58 173
2400 51 66 183
2500 51 70 190
2600 57 74 203
2700 58 77 205
2800 59 77 216
2900 62 78 227
3000 67 79 226
3100 70 93 249
3200 70 94 246
3300 71 94 255
3400 77 97 273
3500 83 103 271
3600 95 114 274
3700 86 110 284
3800 85 121 286
3900 89 119 291
4000 81 112 299
4100 86 129 321
4200 94 124 317
4300 92 125 327
4400 106 131 338
4500 103 136 352
4600 106 137 338
4700 103 137 368
4800 112 147 381
4900 106 137 376
5000 106 153 388
5100 120 151 379
5200 109 148 390
5300 116 148 395
5400 116 155 407
5500 123 161 411
5600 125 161 420
5700 130 166 431
5800 133 173 439
5900 128 178 443
6000 137 170 454
6100 141 183 455
6200 143 182 465
6300 142 193 481
6400 140 186 487
6500 143 198 494
6600 142 193 512
6700 148 196 510
6800 155 195 520
6900 163 204 538
7000 161 218 541
7100 161 209 543
7200 169 216 578
7300 168 220 558
7400 164 222 566
7500 189 228 588
7600 169 251 598
7700 182 227 592
7800 172 225 592
7900 177 253 592
8000 182 233 603
8100 196 267 614
8200 190 247 639
8300 200 265 641
8400 193 263 692
8500 192 250 663
8600 202 265 679
8700 200 280 687
8800 192 264 668
8900 205 273 693
9000 204 279 699
9100 203 285 694
9200 207 292 710
9300 220 285 707
9400 217 280 707
9500 220 302 713
9600 219 294 737
9700 228 293 732
9800 230 309 759
9900 226 297 765
