0 2 2 7
100 4 4 13
200 6 6 20
300 7 12 29
400 9 13 35
500 12 14 44
600 14 16 47
700 16 19 57
800 19 21 65
900 19 26 73
1000 21 28 78
1100 23 29 84
1200 25 32 92
1300 32 35 100
1400 32 37 109
1500 31 39 114
1600 35 44 126
1700 38 44 129
1800 39 47 128
1900 41 51 140
2000 41 54 154
2100 46 56 160
2200 48 63 165
2300 48 59 171
2400 52 73 190
2500 52 69 196
2600 57 71 198
2700 56 81 207
2800 62 81 210
2900 64 80 224
3000 65 81 229
3100 72 98 245
3200 69 91 245
3300 71 89 253
3400 75 104 278
3500 83 103 273
3600 77 112 280
3700 87 113 287
3800 84 110 292
3900 90 115 303
4000 85 115 303
4100 91 124 320
4200 95 126 325
4300 92 124 327
4400 105 137 340
4500 108 145 357
4600 100 138 346
4700 107 141 373
4800 116 149 377
4900 109 139 373
5000 109 165 381
5100 118 142 387
5200 112 149 394
5300 114 145 407
5400 118 155 410
5500 125 165 415
5600 123 169 439
5700 136 169 432
5800 133 171 439
5900 130 173 450
6000 135 170 455
6100 136 177 452
6200 144 181 462
6300 144 203 487
6400 146 185 490
6500 148 183 493
6600 146 195 501
6700 146 194 520
6800 152 192 524
6900 164 203 520
7000 163 210 535
7100 162 209 543
7200 167 207 580
7300 166 231 546
7400 168 232 567
7500 186 227 579
7600 164 232 602
7700 180 241 582
7800 172 231 598
7900 176 254 594
8000 182 237 601
8100 192 251 625
8200 192 245 638
8300 198 269 633
8400 194 259 674
8500 209 275 675
8600 203 276 684
8700 196 265 663
8800 199 259 678
8900 205 271 689
9000 214 305 723
9100 203 282 700
9200 213 283 716
9300 211 284 702
9400 217 283 725
9500 216 298 731
9600 215 288 735
9700 224 292 751
9800 230 299 751
9900 233 308 781
